[[[124 148 172]
  [119 145 169]
  [127 153 177]
  ...
  [157 170 184]
  [158 171 185]
  [158 171 185]]

 [[129 153 177]
  [124 150 174]
  [127 155 179]
  ...
  [158 171 185]
  [159 172 186]
  [159 172 186]]

 [[128 154 178]
  [126 152 176]
  [126 154 178]
  ...
  [158 171 185]
  [158 171 185]
  [158 171 185]]

 ...

 [[183 183 189]
  [181 181 187]
  [180 180 186]
  ...
  [114 107 112]
  [112 105 110]
  [116 109 114]]

 [[158 158 164]
  [181 181 187]
  [185 186 190]
  ...
  [106  96 102]
  [102  92  98]
  [107  97 103]]

 [[111 111 117]
  [160 160 166]
  [169 170 174]
  ...
  [100  90  96]
  [ 95  85  91]
  [104  94 100]]]